%YAML:1.0
---
origin_0: [ 0.9999999999999939, 1.2253875079651792e-13, -9.311494722672363e-14 ]
center_0: [ 484.19421853873087, 416.0385000148554 ]
rot_angle_0: [ -90.1674785082712, 89.94040343838725, 0.07471621588919633 ]
k1_0: 15519.606062085995
k2_0: -25944.048248977117
k3_0: 329.50735170738216
origin_1: [ 0.7071067811867457, -0.7071067811865922, 5.593014673751133e-14 ]
center_1: [ 443.0956190147638, 404.2817482621614 ]
rot_angle_1: [ -90.49384206779328, 90.63836981416067, -45.521616968386965 ]
k1_1: 15550.037700720466
k2_1: -25039.802054943775
k3_1: 330.0790985892482
origin_2: [ 7.408820808139645e-14, -1.0000000000000995, -8.644783796912271e-14 ]
center_2: [ 456.6626296243034, 432.8429582345623 ]
rot_angle_2: [ -90.41887825068972, 89.8332096144319, -89.90426713281653 ]
k1_2: 15423.55779402243
k2_2: -25566.89264412387
k3_2: 326.8240797354602
origin_3: [ -0.7071067811864349, -0.7071067811865045, -1.60121491137421e-13 ]
center_3: [ 402.1614229541492, 424.32597909445064 ]
rot_angle_3: [ -90.8425057429463, 90.26203956042869, -134.82280809873194 ]
k1_3: 15452.594104793663
k2_3: -25886.68702682991
k3_3: 327.70252469078554
origin_4: [ -0.9999999999999175, -8.975592394778655e-14, 2.624684908040412e-14 ]
center_4: [ 522.7206281130117, 439.1957180114704 ]
rot_angle_4: [ -90.01624840924963, 90.3159575993406, -179.64690708406295 ]
k1_4: 15444.847199330305
k2_4: -25557.0172834494
k3_4: 327.42881782871655
origin_5: [ -0.7071067811864065, 0.7071067811864162, 1.236658872291327e-13 ]
center_5: [ 466.7463692203861, 391.75710344866815 ]
rot_angle_5: [ -89.77738902852651, 89.88401486912016, -224.9603145258597 ]
k1_5: 15453.56101264531
k2_5: -25828.57508873717
k3_5: 327.7042430411006
origin_6: [ 7.114489247482278e-14, 0.999999999999888, 4.3870286741277805e-14 ]
center_6: [ 444.62641270376554, 470.32730939306015 ]
rot_angle_6: [ -89.48303001219276, 89.77531087297635, -269.89571052295065 ]
k1_6: 15464.643256328563
k2_6: -25284.62105514196
k3_6: 327.85750913883186
origin_7: [ 0.7071067811866127, 0.707106781186538, 4.475857156615199e-14 ]
center_7: [ 442.4846464916133, 463.1527988914437 ]
rot_angle_7: [ -89.72805807238034, 89.82180601955326, -314.51481213682024 ]
k1_7: 15483.619092927322
k2_7: -25214.04058229262
k3_7: 328.3743374367473
