%YAML:1.0
---
origin_0: [ 0.9999999999900634, 2.893218724639256e-11, -1.6924521896591503e-11 ]
center_0: [ 483.3143069089549, 419.598055132936 ]
rot_angle_0: [ -90.21994062631578, 90.17640117413245, 0.16125590843007673 ]
k1_0: 15410.155324081405
k2_0: -24722.438064871763
k3_0: 326.2295709927596
origin_1: [ 0.7071067811807269, -0.7071067811956812, -3.004265629556527e-11 ]
center_1: [ 430.6697576128336, 403.22716461983055 ]
rot_angle_1: [ -90.37629248567633, 90.42183149833795, -44.950087643995026 ]
k1_1: 15418.683070919955
k2_1: -25370.70528058906
k3_1: 326.70065581213953
origin_2: [ 8.109772659081956e-12, -0.9999999999969748, 7.355585918901026e-12 ]
center_2: [ 453.17465016251697, 434.8628418239603 ]
rot_angle_2: [ -90.31753863405382, 90.06706912065331, -89.37698844029302 ]
k1_2: 15395.300448974796
k2_2: -25330.564109594827
k3_2: 325.9943211707588
origin_3: [ -0.707106781212901, -0.7071067811579075, -9.443813207473007e-12 ]
center_3: [ 401.81403266711317, 420.8009796021497 ]
rot_angle_3: [ -90.85410425111269, 89.99905509795057, -134.61553529884569 ]
k1_3: 15415.292511966425
k2_3: -25565.090039369792
k3_3: 326.66258634224545
origin_4: [ -1.0000000000295945, 6.621295476670757e-12, -1.1267097095342122e-11 ]
center_4: [ 522.218470624117, 433.3131382530682 ]
rot_angle_4: [ -90.03036761015967, 89.85334682324851, -179.4118677449707 ]
k1_4: 15386.469705439391
k2_4: -25039.23648053652
k3_4: 325.71819698500803
origin_5: [ -0.7071067811800527, 0.7071067811956042, 3.989760483702106e-11 ]
center_5: [ 466.14197880180836, 389.3006857379565 ]
rot_angle_5: [ -89.90146774641666, 89.76940834213836, -224.89228723289796 ]
k1_5: 15400.9819367857
k2_5: -25279.552961658323
k3_5: 326.1349814295168
origin_6: [ 1.8440568903616568e-11, 1.0000000000114584, -1.4514440893449624e-11 ]
center_6: [ 441.1558475074461, 470.0822457333336 ]
rot_angle_6: [ -89.69436634316686, 89.74488437059243, -269.321528366696 ]
k1_6: 15418.186751958241
k2_6: -25204.586880609648
k3_6: 326.6252834463711
origin_7: [ 0.7071067811745877, 0.7071067812028287, 1.5220789039649403e-11 ]
center_7: [ 439.45989419418146, 467.4654501727765 ]
rot_angle_7: [ -89.70806729678124, 90.11618969181474, -314.04667234718545 ]
k1_7: 15408.085418865436
k2_7: -25416.16850271438
k3_7: 326.3780393011669
