%YAML:1.0
---
origin_0: [ 1.000000000000691, -1.6496568856082613e-14, -3.3715646716914226e-13 ]
center_0: [ 484.17368770254205, 416.7987125102963 ]
rot_angle_0: [ -90.07937215029663, 90.10387908629606, 0.3234882790579995 ]
k1_0: 15512.22228178882
k2_0: -25726.094880584347
k3_0: 329.26342728505256
origin_1: [ 0.7071067811858418, -0.7071067811865749, 2.435513561344023e-13 ]
center_1: [ 445.99472021991636, 404.20221674033974 ]
rot_angle_1: [ -90.4309346214834, 90.87390389593673, -45.677929243323725 ]
k1_1: 15546.147123065366
k2_1: -25243.86400157413
k3_1: 330.04823909941905
origin_2: [ 2.0231079523253856e-13, -0.9999999999999423, -4.668790215639373e-14 ]
center_2: [ 460.3380321091129, 432.80363568104957 ]
rot_angle_2: [ -90.52558810489175, 89.86246249329788, -90.08309895106817 ]
k1_2: 15364.315517695013
k2_2: -24179.566991476288
k3_2: 324.83427112102584
origin_3: [ -0.7071067811866922, -0.7071067811864185, -4.441198077173376e-13 ]
center_3: [ 403.29688790227493, 421.38976673470324 ]
rot_angle_3: [ -90.89237611681645, 90.04738257109068, -134.8525104726177 ]
k1_3: 15426.850699122153
k2_3: -25587.99979182683
k3_3: 326.97596278591146
origin_4: [ -1.0000000000001208, -1.9033823318683663e-13, -3.0991221069200946e-14 ]
center_4: [ 523.0167750029476, 436.0533860790082 ]
rot_angle_4: [ -89.98532517937237, 90.18175884261117, -179.69824367039897 ]
k1_4: 15419.73261643812
k2_4: -25365.719886656392
k3_4: 326.7031115671734
origin_5: [ -0.7071067811864447, 0.7071067811867279, -5.4910587233194e-13 ]
center_5: [ 466.2147246036504, 388.74287450917546 ]
rot_angle_5: [ -89.8379715345927, 89.7004540805387, -225.08450277986515 ]
k1_5: 15423.907651072648
k2_5: -25074.746443068903
k3_5: 326.71199709911195
origin_6: [ 9.397314067111713e-14, 0.9999999999999571, -2.1502107977644301e-13 ]
center_6: [ 443.0763917122348, 470.07002632328454 ]
rot_angle_6: [ -89.62274454282768, 89.83882912445553, -269.79290474406037 ]
k1_6: 15454.456651225923
k2_6: -25236.229574135585
k3_6: 327.60338790196454
origin_7: [ 0.7071067811871602, 0.7071067811867956, -2.2763594622086552e-14 ]
center_7: [ 440.2511769755734, 464.2556446014865 ]
rot_angle_7: [ -89.66097134409725, 89.86963763760122, -314.3501150015202 ]
k1_7: 15442.544729434734
k2_7: -25191.46645881287
k3_7: 327.2441479325627
