%YAML:1.0
---
origin_0: [ 1.0000000000005878, 7.889280488475333e-13, 5.723676716546415e-13 ]
center_0: [ 483.13645193593493, 417.5052870850143 ]
rot_angle_0: [ -90.12350156497428, 90.19698486378469, 0.2917142040713591 ]
k1_0: 15468.897616745478
k2_0: -25530.487456484338
k3_0: 328.04180245888955
origin_1: [ 0.7071067811877106, -0.7071067811858186, 1.8137670761963118e-12 ]
center_1: [ 444.1688300136343, 405.46366910419226 ]
rot_angle_1: [ -90.487437926098, 90.98969162487252, -46.16776798069754 ]
k1_1: 15454.296123232763
k2_1: -24599.542884068294
k3_1: 327.4474137042473
origin_2: [ -1.4270879807204162e-12, -0.999999999997072, 9.044090536907343e-13 ]
center_2: [ 455.0175953657593, 432.06036417681804 ]
rot_angle_2: [ -90.36342681815557, 89.93374728308794, -89.45191629470214 ]
k1_2: 15399.313904345443
k2_2: -24981.088920255577
k3_2: 326.01225891200636
origin_3: [ -0.7071067811866739, -0.7071067811871358, 6.140013674346479e-13 ]
center_3: [ 403.5621478286736, 418.76799467526075 ]
rot_angle_3: [ -90.77395865919335, 89.975948321377, -134.76271572288758 ]
k1_3: 15452.555964901485
k2_3: -26078.408466483877
k3_3: 327.7442545857207
origin_4: [ -0.9999999999995629, 1.4807120521109553e-12, 1.047765401463389e-13 ]
center_4: [ 522.791446988694, 434.0716597747886 ]
rot_angle_4: [ -89.95953243364669, 90.2356428544899, -179.46261565031568 ]
k1_4: 15413.766168305357
k2_4: -25254.767781974326
k3_4: 326.498546432934
origin_5: [ -0.7071067811872884, 0.7071067811875416, 3.0746363385294595e-13 ]
center_5: [ 466.72469894367794, 386.3348947204709 ]
rot_angle_5: [ -89.91039044366786, 89.65916212063158, -224.96328142847688 ]
k1_5: 15414.628978369457
k2_5: -24969.878936319834
k3_5: 326.3517523076554
origin_6: [ 9.47155846571319e-13, 1.0000000000002347, 2.976882793331057e-13 ]
center_6: [ 442.55022419414803, 468.5725176751799 ]
rot_angle_6: [ -89.76948197524156, 89.83325940666666, -269.544834965182 ]
k1_6: 15450.729508301409
k2_6: -25269.511671087894
k3_6: 327.4981571451954
origin_7: [ 0.707106781187111, 0.7071067811868887, -4.087286463347255e-13 ]
center_7: [ 438.51683533922204, 463.15166374027996 ]
rot_angle_7: [ -89.74604789138748, 89.79400392602857, -313.9988873769071 ]
k1_7: 15419.711910607168
k2_7: -25046.87617708952
k3_7: 326.57352847285745
